# Sine of theta for theta (-pi, pi].
pv.data
-3.078760800518
-3.0159289474462
-2.95309709437441
-2.89026524130261
-2.82743338823081
-2.76460153515902
-2.70176968208722
-2.63893782901543
-2.57610597594363
-2.51327412287183
-2.45044226980004
-2.38761041672824
-2.32477856365645
-2.26194671058465
-2.19911485751286
-2.13628300444106
-2.07345115136926
-2.01061929829747
-1.94778744522567
-1.88495559215388
-1.82212373908208
-1.75929188601028
-1.69646003293849
-1.63362817986669
-1.5707963267949
-1.5079644737231
-1.4451326206513
-1.38230076757951
-1.31946891450771
-1.25663706143592
-1.19380520836412
-1.13097335529233
-1.06814150222053
-1.00530964914873
-0.942477796076938
-0.879645943005142
-0.816814089933346
-0.753982236861551
-0.691150383789755
-0.628318530717959
-0.565486677646163
-0.502654824574367
-0.439822971502571
-0.376991118430775
-0.314159265358979
-0.251327412287184
-0.188495559215387
-0.125663706143592
-0.062831853071796
0
0.062831853071796
0.125663706143592
0.188495559215388
0.251327412287183
0.314159265358979
0.376991118430775
0.439822971502571
0.502654824574367
0.565486677646163
0.628318530717958
0.691150383789755
0.75398223686155
0.816814089933346
0.879645943005142
0.942477796076938
1.00530964914873
1.06814150222053
1.13097335529233
1.19380520836412
1.25663706143592
1.31946891450771
1.38230076757951
1.4451326206513
1.5079644737231
1.5707963267949
1.63362817986669
1.69646003293849
1.75929188601028
1.82212373908208
1.88495559215388
1.94778744522567
2.01061929829747
2.07345115136926
2.13628300444106
2.19911485751286
2.26194671058465
2.32477856365645
2.38761041672824
2.45044226980004
2.51327412287183
2.57610597594363
2.63893782901543
2.70176968208722
2.76460153515902
2.82743338823081
2.89026524130261
2.95309709437441
3.0159289474462
3.078760800518
3.14159265358979
pv.data
-0.0627905195293136
-0.125333233564305
-0.187381314585725
-0.248689887164855
-0.309016994374948
-0.368124552684678
-0.425779291565073
-0.481753674101715
-0.535826794978997
-0.587785252292473
-0.63742398974869
-0.684547105928689
-0.728968627421411
-0.770513242775789
-0.809016994374947
-0.844327925502015
-0.876306680043864
-0.904827052466019
-0.929776485888251
-0.951056516295154
-0.968583161128631
-0.982287250728689
-0.992114701314478
-0.998026728428272
-1
-0.998026728428272
-0.992114701314478
-0.982287250728689
-0.968583161128631
-0.951056516295154
-0.929776485888251
-0.904827052466019
-0.876306680043863
-0.844327925502015
-0.809016994374947
-0.770513242775789
-0.728968627421411
-0.684547105928689
-0.63742398974869
-0.587785252292473
-0.535826794978997
-0.481753674101715
-0.425779291565073
-0.368124552684678
-0.309016994374947
-0.248689887164855
-0.187381314585724
-0.125333233564304
-0.0627905195293135
0
0.0627905195293135
0.125333233564304
0.187381314585725
0.248689887164855
0.309016994374947
0.368124552684678
0.425779291565072
0.481753674101715
0.535826794978997
0.587785252292473
0.63742398974869
0.684547105928689
0.728968627421412
0.770513242775789
0.809016994374947
0.844327925502015
0.876306680043864
0.90482705246602
0.929776485888252
0.951056516295154
0.968583161128631
0.982287250728689
0.992114701314478
0.998026728428272
1
0.998026728428272
0.992114701314478
0.982287250728689
0.968583161128631
0.951056516295154
0.929776485888252
0.90482705246602
0.876306680043863
0.844327925502015
0.809016994374947
0.770513242775789
0.728968627421412
0.684547105928689
0.63742398974869
0.587785252292473
0.535826794978997
0.481753674101716
0.425779291565073
0.368124552684678
0.309016994374948
0.248689887164855
0.187381314585725
0.125333233564305
0.0627905195293131
1.22464679914735e-16
pv.end
